arr=np.array([[1,1,1,0,0,0,1,0,0,0,1,0,1,0,0,0,0,1,0,0],
              [0,0,0,1,1,0,0,1,0,1,1,0,0,0,0,0,0,0,0,0],
              [0,0,0,0,0,0,0,0,0,0,0,0,0,0,0,0,0,0,0,0],
              [0,1,0,0,1,0,0,0,0,0,1,0,0,1,0,0,1,0,0,0],
              [0,0,0,0,1,0,0,1,1,1,0,0,1,1,0,0,1,0,0,0],
              [0,0,0,0,0,0,0,1,0,0,0,1,0,1,0,1,1,0,1,1],
              [1,1,1,0,1,1,0,1,0,0,1,0,0,1,0,0,1,0,0,0],
              [0,0,1,0,1,0,1,0,0,1,0,0,0,0,1,0,1,0,1,0],
              [0,0,0,0,1,0,0,0,1,0,0,0,0,0,0,1,1,0,1,0],
              [0,0,0,0,1,0,0,1,0,0,0,0,0,1,1,1,0,0,0,0],
              [1,0,1,1,1,0,1,0,0,1,1,1,0,1,0,0,0,1,0,0],
              [1,0,1,1,1,0,1,0,0,0,0,0,1,1,0,0,0,1,0,0],
              [1,0,0,1,0,0,1,1,0,1,0,0,1,0,0,1,0,0,0,0],
              [0,0,0,0,1,0,1,1,0,1,1,0,1,0,1,1,1,1,1,0],
              [0,0,1,1,1,0,1,0,0,1,0,1,0,0,1,1,0,0,0,0],
              [0,1,1,0,0,0,0,1,0,1,0,0,1,1,0,1,0,1,1,1],
              [0,1,0,0,0,0,0,0,0,0,0,0,1,0,0,1,0,0,0,0],
              [0,0,1,1,0,0,1,1,0,0,1,0,1,0,0,1,1,0,0,0],
              [1,0,0,0,0,0,1,0,0,0,1,0,1,0,0,1,1,1,0,0],
              [1,1,1,1,0,0,1,0,0,0,1,0,1,0,0,0,0,1,1,1]
             ],dtype=float)
plt.imshow(arr)
